[gd_scene load_steps=5 format=3 uid="uid://bg0m5wwwyafw4"]

[ext_resource type="PackedScene" uid="uid://bjsa1h871206n" path="res://Assets/Mini Dungeon Assets/floor.glb" id="1_mh152"]
[ext_resource type="PackedScene" uid="uid://cjgi2hi8um4hf" path="res://Assets/Graveyard Assets/candle.glb" id="2_gff14"]
[ext_resource type="PackedScene" uid="uid://3lvfpxykyajb" path="res://Assets/Graveyard Assets/candle-multiple.glb" id="3_ujjbv"]
[ext_resource type="PackedScene" uid="uid://c4pqio2jl1ma1" path="res://Assets/Graveyard Assets/fire-basket.glb" id="4_ntjxg"]

[node name="DungeonFloorCandles" instance=ExtResource("1_mh152")]

[node name="candle" parent="floor2" index="0" instance=ExtResource("2_gff14")]
transform = Transform3D(1, 0, 0, 0, 1, 0, 0, 0, 1, -0.16916, 0, -0.411186)

[node name="candle" parent="." index="1" instance=ExtResource("2_gff14")]
transform = Transform3D(1, 0, 0, 0, 1, 0, 0, 0, 1, 0.287102, 0, 0.246206)

[node name="candle2" parent="." index="2" instance=ExtResource("2_gff14")]
transform = Transform3D(1, 0, 0, 0, 1, 0, 0, 0, 1, -0.183189, 0, 0.402786)

[node name="candle3" parent="." index="3" instance=ExtResource("2_gff14")]
transform = Transform3D(1, 0, 0, 0, 1, 0, 0, 0, 1, 0.301102, 0, -0.249384)

[node name="candle4" parent="." index="4" instance=ExtResource("2_gff14")]
transform = Transform3D(1, 0, 0, 0, 1, 0, 0, 0, 1, -0.426879, 0, -0.00252342)

[node name="candle-multiple" parent="." index="5" instance=ExtResource("3_ujjbv")]
transform = Transform3D(-0.962047, 0, 0.272885, 0, 1, 0, -0.272885, 0, -0.962047, -0.0154182, 0, 0.221674)

[node name="candle-multiple2" parent="." index="6" instance=ExtResource("3_ujjbv")]
transform = Transform3D(-0.38057, 0, -0.924752, 0, 1, 0, 0.924752, 0, -0.38057, 0.208841, 0, 0)

[node name="candle-multiple3" parent="." index="7" instance=ExtResource("3_ujjbv")]
transform = Transform3D(0.30719, 0, 0.951648, 0, 1, 0, -0.951648, 0, 0.30719, -0.21237, 0, 0)

[node name="candle-multiple4" parent="." index="8" instance=ExtResource("3_ujjbv")]
transform = Transform3D(0.94242, 0, -0.334432, 0, 1, 0, 0.334432, 0, 0.94242, 0, 0, -0.207581)

[node name="fire-basket" parent="." index="9" instance=ExtResource("4_ntjxg")]

[node name="SpotLight3D" type="SpotLight3D" parent="fire-basket" index="1"]
transform = Transform3D(1, 0, 0, 0, -0.00965155, 0.999953, 0, -0.999953, -0.00965155, 0, 0.110242, 0)
visible = false
light_color = Color(1, 0.513726, 0.231373, 1)
light_energy = 0.067
light_size = 0.25
light_specular = 0.87
light_bake_mode = 0
spot_range = 1.007
spot_angle = 180.0
